[scene]
width = 762.4000244140625
height = 529.5999755859375
x = 515.2000122070312
y = 188.8000030517578

